A: 17.3970873, 78.4897846
B: 17.3970752, 78.4898995
C: 17.3970514, 78.4900156
D: 17.3970514, 78.4900312
E: 17.397117, 78.4900631
F: 17.3972195, 78.4900846
G: 17.3973417, 78.4901098
H: 17.3973715, 78.4901037
I: 17.3973798, 78.4900824
J: 17.3974012, 78.4899702
K: 17.3974154, 78.489893
